avalanche_depth: 5
avalanche_speed: 14.0071410359145
avalanche_volume: 2000
avalanche_width: 20
curvature: -0.0004999999999999449
openness: 0.0
slope: 0.5
xmax: 1000
xmin: -50
ymax: 500
ymin: -500
